P2 
# A standard test image widely used in the field of image processing  
# A picture of Lena Soderberg, shot by photographer Dwight Hooker,
# cropped from the centerfold of the November 1972 issue of Playboy
32 32 
255
158 155 167 144 103 102 105 123 128 130 129 138 137 131 131 132 136
131 128 115 131 160 152 155 153 192 161 110 122 127 137 110 157 160
166 140 96 104 109 120 125 130 126 132 137 125 133 131 131 127 127
120 123 155 155 163 158 151 205 131 124 126 90 46 162 164 163 143
93 103 108 121 132 130 137 132 128 126 131 129 125 127 127 120 119
147 158 155 154 150 186 188 120 86 56 49 164 143 167 142 84 102
113 121 125 128 139 139 142 148 168 178 157 125 120 105 113 142 150
151 146 143 150 212 114 55 53 46 149 109 159 133 80 100 105 115
122 132 120 130 139 142 173 191 198 178 121 102 111 149 143 136 147
139 147 141 59 49 50 60 106 103 157 135 88 100 99 114 122 114
115 126 143 129 160 190 197 207 194 116 104 156 140 90 146 144 143
61 49 53 78 130 86 101 165 140 87 98 114 119 120 111 118 132
142 143 174 194 192 198 212 190 109 151 137 56 120 154 89 46 54
59 118 153 90 102 164 140 83 102 108 129 121 105 123 128 139 167
176 190 196 195 198 193 151 143 136 86 170 207 69 49 55 100 156
156 98 110 165 144 86 107 102 132 119 105 117 128 150 171 174 179
184 194 194 200 189 162 159 189 207 203 74 51 71 149 159 156 95
111 169 147 88 94 96 146 137 111 124 140 146 160 170 172 173 180
188 181 181 194 201 206 194 176 53 47 119 161 159 157 91 112 180
148 88 97 94 152 158 112 131 135 141 141 145 150 154 151 158 183
197 198 205 197 149 114 41 91 156 159 157 154 100 121 166 148 85
105 97 153 168 117 123 137 138 113 87 103 90 81 165 195 196 198
166 133 134 61 55 129 163 158 155 136 101 110 163 152 96 99 97
125 178 126 120 127 100 70 76 71 96 171 185 171 187 119 127 143
66 52 84 153 166 161 151 154 103 107 169 159 86 104 103 109 169
129 131 89 61 67 62 74 149 182 172 183 178 103 109 69 53 58
100 150 164 162 156 159 101 106 168 154 84 96 108 115 137 127 81
56 53 63 77 152 176 168 174 198 215 134 76 76 51 59 133 156
151 152 145 155 100 105 169 156 89 103 111 127 111 99 63 57 55
63 143 169 137 117 161 187 183 114 73 76 48 82 149 161 152 152
150 133 96 97 169 159 91 105 115 152 83 72 75 55 49 98 188
110 78 111 126 164 99 65 70 89 48 104 158 154 155 160 147 137
98 95 169 167 96 111 115 89 68 77 81 50 63 160 150 139 142
158 134 183 127 78 72 93 50 136 155 152 149 139 161 169 78 83
160 163 98 112 88 84 68 61 89 66 127 129 116 161 183 163 126
180 160 108 68 91 67 159 153 148 140 147 196 198 72 71 163 156
99 107 88 101 69 54 96 100 123 69 119 149 161 143 106 170 159
84 62 97 102 159 151 145 143 180 203 210 76 83 162 161 96 97
82 90 91 60 88 142 80 70 122 141 153 153 127 168 147 61 61
102 133 146 148 142 160 198 209 200 65 94 170 153 101 93 67 81
102 104 146 81 51 75 116 141 146 141 153 167 102 53 64 102 151
152 147 139 170 210 210 207 49 94 172 160 104 84 66 104 99 146
117 56 71 62 112 130 150 121 140 134 59 53 66 107 159 151 148
136 169 215 212 212 44 98 170 163 91 73 69 102 117 125 61 52
55 66 68 97 134 144 160 107 49 62 76 110 154 149 150 139 184
207 208 187 58 79 164 163 98 61 69 96 109 116 77 62 52 56
75 97 122 144 159 153 91 57 77 113 129 118 121 133 201 202 129
70 127 82 155 169 90 49 69 76 86 115 104 71 55 56 91 120
132 137 159 186 207 137 62 121 147 131 111 119 203 154 78 89 107
113 154 171 77 47 66 57 76 116 115 73 52 58 84 106 138 141
158 168 197 218 99 119 147 125 131 172 208 108 100 101 93 121 153
169 71 46 69 55 67 111 116 80 57 74 102 114 139 141 153 157
179 215 173 133 151 131 141 213 166 108 102 92 78 125 151 171 75
46 57 55 68 98 98 64 62 99 105 134 142 136 144 162 181 205
196 127 132 137 146 198 142 86 94 90 86 139 149 170 89 53 56
52 59 99 81 42 67 101 117 135 139 139 140 152 173 190 201 121
84 72 154 184 93 85 95 77 104 145 153 168 68 54 57 68 61
89 65 42 76 90 124 136 144 149 139 132 158 183 214 155 96 96
144 101 75 85 100 69 72 166 156 160 55 58 67 80 78 70 66
72 112 124 134 142 136 144 146 148 155 175 205 184 98 123 117 96
75 99 88 63
