P2
# CREATOR evil_vision
# 1 2 3 4 5  
#
#
#
# 10 10 10
48 32 
255
131 137 140 181 156 137 136 114 119 123 119 128 111 129 69 119 78
104 98 100 90 78 101 138 147 113 121 96 115 93 80 102 110 119
99 99 130 143 74 75 127 108 104 90 138 105 94 86 71 148 116
127 126 143 168 116 163 154 101 120 84 139 154 142 91 106 94 99
130 84 120 101 104 124 71 115 105 89 83 106 92 117 121 94 113
89 85 101 152 153 112 103 93 96 105 102 131 158 134 132 149 160
138 137 150 106 121 124 115 135 137 87 78 108 114 131 144 158 128
110 101 123 86 117 100 83 79 100 104 105 130 80 92 96 78 103
111 122 97 123 106 104 131 97 161 139 147 151 135 130 125 136 140
115 124 132 123 75 88 141 76 83 97 122 111 114 115 113 99 94
90 101 93 71 102 128 103 67 84 75 56 103 126 125 122 137 117
149 122 109 101 109 139 152 125 150 119 141 89 83 152 127 137 131
96 68 81 124 95 94 75 88 110 144 129 90 123 119 103 119 88
85 131 83 86 100 85 116 93 116 89 87 115 121 112 143 94 138
98 118 124 138 146 160 139 176 135 85 93 101 127 145 117 102 136
101 93 83 124 143 145 135 143 121 135 129 149 102 94 95 113 77
80 91 97 80 109 128 94 96 141 144 87 134 103 130 136 130 112
128 141 119 116 135 85 109 128 100 103 105 98 103 105 131 107 121
90 154 120 148 129 114 126 159 141 105 109 83 118 81 99 105 124
85 94 140 93 87 71 78 104 97 139 132 109 114 148 109 160 151
111 150 107 63 102 101 95 139 95 146 110 105 166 112 65 100 96
103 132 151 116 115 120 81 111 99 104 88 63 65 83 59 76 136
102 87 100 82 87 127 137 163 117 71 154 131 150 184 140 151 131
103 109 121 124 150 123 133 135 90 97 122 100 110 109 88 149 136
92 87 93 98 79 115 120 84 96 130 109 103 111 118 81 84 100
124 115 119 118 127 154 150 98 129 120 141 124 138 129 124 119 116
140 106 105 118 162 120 97 144 97 73 74 92 122 131 130 103 87
126 91 84 112 82 87 126 81 83 78 101 88 57 83 103 113 83
108 142 122 121 94 101 136 161 156 129 96 94 88 149 139 118 139
117 116 125 123 84 112 113 78 95 130 118 94 136 132 138 155 135
119 125 132 114 148 128 90 112 107 98 96 133 143 116 105 130 121
121 132 80 98 105 107 125 132 107 103 105 100 118 123 125 91 121
139 118 89 116 158 159 151 119 136 150 109 120 118 95 94 189 104
102 178 151 134 158 134 114 119 96 99 141 113 101 142 116 122 96
76 110 142 105 119 86 117 121 98 110 138 164 155 113 144 115 88
127 122 123 159 149 157 104 104 95 136 159 114 150 115 120 93 97
106 179 172 131 93 95 100 138 120 90 114 118 153 104 98 62 92
108 114 65 86 94 93 102 133 159 116 145 135 91 100 86 165 118
108 148 130 115 138 109 141 114 125 160 123 123 105 135 149 124 163
124 119 121 118 85 76 137 133 158 149 111 92 65 89 112 140 95
87 77 112 122 146 90 148 142 123 71 90 121 109 150 189 146 96
150 169 159 183 147 121 153 172 122 108 182 126 143 111 105 104 73
99 143 125 151 146 101 138 123 108 112 114 146 146 101 129 165 135
143 156 103 143 134 132 114 113 167 145 126 162 160 136 88 114 148
177 142 127 161 132 105 86 120 109 104 113 122 113 104 104 131 119
114 104 149 155 153 140 83 168 123 130 125 110 142 154 156 110 173
127 156 125 127 104 110 128 161 110 144 176 116 133 143 168 154 105
91 74 119 145 121 137 150 132 119 136 131 110 134 170 136 114 109
120 127 117 82 159 157 136 117 103 99 98 95 111 159 136 135 120
92 82 138 147 107 137 128 123 157 120 154 155 147 140 114 131 124
160 122 152 116 137 143 120 95 115 138 130 113 96 93 102 112 155
115 129 146 170 125 127 101 85 98 136 115 85 117 93 90 122 88
153 92 119 97 104 120 96 137 170 149 133 103 108 125 91 128 123
93 103 102 71 106 156 129 133 140 126 121 146 133 138 160 164 164
172 146 106 91 117 126 119 110 97 130 147 110 126 121 136 150 138
147 131 143 121 148 125 156 178 144 89 115 120 100 85 132 129 126
76 129 111 112 132 131 151 106 146 131 96 118 137 143 142 138 125
139 135 130 118 114 109 137 149 114 112 130 107 140 114 164 141 139
106 163 140 126 148 125 91 135 99 104 70 105 134 127 117 139 120
116 121 138 96 100 89 107 136 103 83 136 173 123 103 112 112 143
90 132 100 119 147 92 165 126 85 125 128 138 143 115 177 131 179
131 106 106 112 103 133 111 107 141 143 126 122 169 121 132 125 143
104 137 95 127 104 82 83 148 177 128 123 133 119 127 70 154 115
122 108 112 117 104 116 125 121 115 121 122 196 109 150 139 118 93
119 122 123 133 158 154 140 110 112 124 112 109 101 130 94 105 109
114 107 120 131 127 134 126 139 131 120 96 87 126 124 147 176 101
119 93 83 108 136 139 110 147 127 111 121 113 100 105 142 120 121
134 140 94 129 114 114 96 126 112 120 119 119 111 117 131 129 108
107 122 84 132 170 165 115 76 143 128 106 161 128 117 120 134 136
138 122 135 121 95 108 109 115 128 98 154 87 87 144 110 155 138
128 109 130 138 130 152 115 118 126 118 126 121 135 88 82 130 151
110 108 139 116 108 109 117 124 104 168 124 116 140 104 103 101 97
113 92 133 147 105 113 122 120 124 136 137 134 171 145 133 116 150
134 157 145 120 126 136 117 124 132 128 132 139 97 149 107 111 135
135 128 117 135 140 109 138 146 104 126 142 97 116 111 89 121 103
148 86 107 106 89 134 143 192 157 146 112 121 150 130 149 148 120
120 141 97 128 112 95 148 112 106 109 110 134 118 110 128 118 113
100 117 118 142 119 99 97 124 113 113 98 89 63 98 112 126 87
132 94 141 102 142 136 106 114 124 140 136 128 102 86 87 134 147
139 123 117 93 106 129 102 100 128 129 129 103 95 146 119 126 114
151 133 140 132 78 105 99 78 84 106 101 90 128 106 94 69 88
83 120 150 100 119 98 122 136 129 118 112 113 134 138 86 119 109
65 105 113 69 144 158 118 119 96 73 122 140 128 149 149 126 123
92 114 101 99 103 61 90 102 92 84 139 75 93 114 132 136 126
124 130 149 125 115 109 128 134 148 127 120 112 139 138 66 73 72
64 97 139 109 85 98 96 114 134 139 114 102 126 132 110 116 92
112 131 111 89 78 71 62 106 87 94 112 103 152 107 118 118 153
87 115 99 154 151 126 102 112 136 100 116 108 62 84 95 95 131
115 125 95 69 107 107 106 149 81 102 106 95 84 92 98 109 110
92 121 118 124 100 80 95 86 101 118 105 118 115 120 93 142 105
115 107 123 59 103 115
