P2 
32 32 
255
86 115 122 129 126 123 122 137 133 111 106 116 100 109 96 91 91
123 110 105 108 113 127 148 134 126 130 137 147 138 134 111 83 120
138 151 135 121 102 103 115 110 93 83 95 111 114 103 129 132 112
99 113 119 112 104 100 99 109 122 149 150 137 114 93 119 137 146
127 93 81 68 68 65 62 61 60 73 104 89 94 74 69 77 78
71 66 65 67 73 103 119 147 160 134 113 103 127 143 148 140 96
74 67 69 74 107 104 77 66 49 71 67 82 86 85 130 131 91
109 87 103 128 133 141 142 137 110 111 126 138 151 145 132 117 108
119 67 100 100 57 92 56 61 73 98 89 57 89 96 108 136 103
125 140 143 150 147 134 119 106 132 136 149 144 134 134 120 117 99
79 84 108 114 65 90 109 98 109 106 100 119 123 101 108 125 146
156 160 155 139 132 102 128 136 141 143 137 131 113 109 79 93 113
118 88 103 103 125 99 127 160 155 110 84 108 112 126 147 154 162
147 140 124 108 121 129 139 142 138 132 99 87 79 126 148 180 121
115 113 133 92 143 191 172 144 101 94 98 127 139 154 159 148 138
121 105 112 134 137 135 127 109 89 89 133 169 163 189 140 123 115
135 122 172 190 172 159 134 107 112 122 143 150 150 154 140 123 105
104 122 126 137 126 128 115 104 169 166 182 193 143 127 127 127 135
179 193 177 170 159 127 133 140 134 148 163 141 131 121 95 107 118
117 129 137 129 102 132 170 175 174 187 152 130 139 131 142 185 190
180 159 176 138 129 150 154 151 155 140 133 109 94 109 126 124 139
139 115 89 137 165 183 184 174 146 125 142 134 141 177 179 180 167
170 150 118 137 153 158 143 136 124 99 91 86 98 119 130 138 122
81 161 167 180 191 187 150 127 149 140 141 174 189 184 180 168 149
100 131 148 151 134 124 119 113 113 100 87 110 126 123 92 92 161
169 183 191 187 146 129 160 139 134 179 190 185 163 178 145 90 128
133 140 138 117 108 110 110 100 71 85 94 90 72 78 151 171 183
188 177 146 122 158 139 133 182 181 189 174 178 124 95 120 129 128
115 103 106 109 125 124 96 84 72 75 65 54 149 169 180 185 184
133 123 162 145 136 183 193 187 178 180 115 96 109 114 112 106 102
97 90 151 148 136 118 72 58 68 41 124 167 182 182 172 140 123
163 148 140 186 189 179 186 167 95 89 109 104 98 111 105 91 83
153 158 150 107 61 68 62 52 107 153 169 183 187 157 114 144 131
157 186 188 183 189 150 69 83 99 102 101 98 95 94 80 162 157
138 101 73 52 53 56 90 162 172 174 182 160 116 131 124 169 168
169 182 175 127 60 80 105 96 94 105 98 91 89 162 153 128 111
74 59 76 59 76 138 152 156 177 138 120 141 126 158 166 147 165
154 115 79 89 91 97 96 98 107 102 91 169 153 141 110 62 57
85 82 63 119 128 140 170 133 126 144 134 145 168 140 152 126 115
98 100 97 90 89 107 99 102 96 176 176 174 127 81 114 139 99
84 104 108 140 141 128 134 140 133 136 158 138 121 115 111 104 93
105 107 90 91 91 91 107 173 183 176 133 94 154 158 128 83 107
125 134 139 146 145 140 139 146 143 138 129 122 113 111 118 118 116
108 95 93 110 122 167 181 171 121 106 148 167 146 89 107 127 127
106 141 161 158 148 123 132 140 126 125 113 115 117 123 124 109 98
107 116 129 184 175 157 122 109 142 160 158 113 90 116 143 131 120
146 148 131 135 137 132 123 114 109 103 116 142 147 136 108 123 123
135 172 175 166 143 127 136 162 162 149 117 122 117 131 129 142 143
141 137 131 131 127 104 110 131 131 145 155 149 121 116 133 140 167
174 162 153 147 135 149 156 167 171 149 124 124 122 130 135 126 133
129 125 127 131 144 146 140 163 166 160 123 119 133 134 171 170 161
154 138 124 142 163 147 163 178 157 136 136 140 138 131 139 138 142
158 171 137 125 153 156 153 144 126 122 131 132 164 160 157 149 143
134 128 148 160 167 154 172 165 150 159 156 155 145 164 173 171 139
129 134 161 154 146 132 114 119 127 129 156 152 155 150 148 135 112
124 152 177 173 163 150 139 137 146 144 147 132 147 132 128 141 147
149 143 117 120 109 117 123 122 146 146 157 155 139 131 114 101 128
173 188 182 164 142 144 139 142 152 150 147 153 162 157 147 121 122
113 104 105 116 110 98 128 133 137 142 129 121 98 94 106 146 175
176 173 168 168 171 168 166 172 166 160 171 152 122 114 88 78 87
92 101 85 78
